use strict;
use warnings;

my @input = qw(0 202 72 164 90 70 208 150 
202 0 270 50 288 268 62 84 
72 270 0 232 22 34 276 218 
164 50 232 0 250 230 52 46 
90 288 22 250 0 52 294 236 
70 268 34 230 52 0 274 216 
208 62 276 52 294 274 0 82 
150 84 218 46 236 216 82 0);

print @input;